968.63079834 0.00000000 180.31820679
1016.85589600 0.00000000 766.58746338
704.52001953 0.00000000 611.17108154
729.30352783 0.00000000 183.21800232
628.59002686 0.00000000 543.23937988
1122.89489746 0.00000000 331.41171265
1118.83605957 0.00000000 528.43048096
694.58197021 0.00000000 591.42785645
809.07922363 0.00000000 179.13000488
628.45178223 0.00000000 524.72674561
708.11480713 0.00000000 623.19964600
702.77441406 0.00000000 710.25744629
628.34918213 0.00000000 513.61322021
781.54028320 0.00000000 725.68719482
1120.04101563 0.00000000 192.18910217
1060.06982422 0.00000000 741.68231201
711.19952393 0.00000000 643.44702148
816.67687988 0.00000000 178.90367126
707.74829102 0.00000000 691.83410645
918.59082031 0.00000000 715.10418701
707.23693848 0.00000000 694.25152588
717.90704346 0.00000000 184.05256653
1125.70617676 0.00000000 256.67794800
1118.72961426 0.00000000 543.23931885
1121.96679688 0.00000000 361.24581909
1122.41687012 0.00000000 346.33300781
627.65771484 0.00000000 461.68582153
1049.58203125 0.00000000 724.41107178
701.75122070 0.00000000 604.26251221
1035.80651855 0.00000000 671.78167725
1118.77941895 0.00000000 535.83599854
1107.13293457 0.00000000 190.99116516
930.25744629 0.00000000 716.86804199
1043.18823242 0.00000000 603.05883789
627.10833740 0.00000000 431.96633911
644.48944092 0.00000000 190.59248352
1124.64160156 0.00000000 282.85916138
626.87249756 0.00000000 420.81253052
711.23846436 0.00000000 666.73535156
798.50482178 0.00000000 720.67425537
747.35876465 0.00000000 744.06799316
700.51153564 0.00000000 716.61724854
730.46472168 0.00000000 766.58746338
805.28039551 0.00000000 179.25730896
820.89599609 0.00000000 716.21826172
685.16784668 0.00000000 580.16217041
744.49890137 0.00000000 182.19953918
1077.01403809 0.00000000 188.19598389
683.64031982 0.00000000 745.11871338
1127.72961426 0.00000000 211.73587036
625.67285156 0.00000000 372.42556763
733.58636475 0.00000000 768.01873779
691.68310547 0.00000000 734.75775146
691.70184326 0.00000000 587.48071289
1121.24584961 0.00000000 387.32305908
1121.64685059 0.00000000 372.42510986
678.91094971 0.00000000 187.39747620
714.85656738 0.00000000 759.43121338
942.03887939 0.00000000 179.25730896
737.97552490 0.00000000 755.20788574
624.54772949 0.00000000 335.14364624
898.43237305 0.00000000 713.15472412
1002.82049561 0.00000000 182.19953918
1039.15600586 0.00000000 691.98980713
624.04864502 0.00000000 320.21603394
1123.93530273 0.00000000 301.54367065
1036.05603027 0.00000000 629.86047363
1119.00939941 0.00000000 509.90719604
1120.13745117 0.00000000 435.68258667
835.67114258 0.00000000 178.46516418
997.90325928 0.00000000 742.39691162
1099.49621582 0.00000000 560.43511963
1036.10058594 0.00000000 674.37908936
1063.67932129 0.00000000 745.11871338
1041.49047852 0.00000000 701.49176025
689.73504639 0.00000000 737.73358154
711.63952637 0.00000000 653.79791260
1123.14453125 0.00000000 323.94787598
710.95648193 0.00000000 640.87780762
756.04467773 0.00000000 737.56976318
1120.36621094 0.00000000 424.53085327
681.50122070 0.00000000 576.81726074
710.04156494 0.00000000 633.21234131
1044.89929199 0.00000000 712.59118652
1120.44714355 0.00000000 420.81219482
801.48150635 0.00000000 179.38461304
987.62506104 0.00000000 181.29423523
778.32031250 0.00000000 726.80120850
969.00024414 0.00000000 726.80108643
995.84466553 0.00000000 740.72595215
1060.96435547 0.00000000 577.40942383
820.47576904 0.00000000 178.80465698
1081.31677246 0.00000000 188.59529114
1124.35351563 0.00000000 290.33465576
1124.93676758 0.00000000 275.38153076
683.21368408 0.00000000 186.99810791
619.04565430 0.00000000 200.48965454
1043.47119141 0.00000000 708.27801514
1120.52819824 0.00000000 417.09353638
763.49310303 0.00000000 181.08204651
