628.66833496 0.00000000 558.03973389
628.65051270 0.00000000 554.34014893
1054.31469727 0.00000000 749.41247559
628.61132813 0.00000000 546.94000244
628.59002686 0.00000000 543.23937988
1008.04150391 0.00000000 753.25836182
661.47033691 0.00000000 564.80242920
628.51196289 0.00000000 532.13330078
1013.30175781 0.00000000 765.79077148
1060.06982422 0.00000000 741.68231201
1121.96679688 0.00000000 361.24581909
711.06451416 0.00000000 669.31127930
1058.26770020 0.00000000 739.49206543
740.58276367 0.00000000 751.30895996
1124.64160156 0.00000000 282.85916138
828.72967529 0.00000000 715.10430908
873.66021729 0.00000000 712.31927490
1059.16418457 0.00000000 579.03906250
832.71746826 0.00000000 714.64013672
628.04553223 0.00000000 487.66226196
1064.70837402 0.00000000 574.27618408
1012.86920166 0.00000000 763.56274414
1122.77197266 0.00000000 335.14309692
1073.07836914 0.00000000 568.80279541
737.97552490 0.00000000 755.20788574
1034.68383789 0.00000000 656.03765869
1120.61254883 0.00000000 413.37380981
881.95202637 0.00000000 712.41210938
701.75122070 0.00000000 604.26251221
702.05029297 0.00000000 712.42932129
1045.21862793 0.00000000 598.59802246
627.32659912 0.00000000 443.11486816
627.25616455 0.00000000 439.39938354
702.77441406 0.00000000 710.25744629
627.10833740 0.00000000 431.96633911
1118.70837402 0.00000000 546.94000244
1042.79650879 0.00000000 706.04040527
626.87249756 0.00000000 420.81253052
1045.64892578 0.00000000 714.65936279
641.73907471 0.00000000 559.34417725
626.62261963 0.00000000 409.65444946
626.53466797 0.00000000 405.93368530
626.44671631 0.00000000 402.21292114
898.43237305 0.00000000 713.15472412
1125.86425781 0.00000000 252.93595886
1037.01025391 0.00000000 184.64666748
1128.64636230 0.00000000 192.98773193
772.20294189 0.00000000 729.21484375
922.50769043 0.00000000 715.66119385
1089.92211914 0.00000000 189.39392090
926.42449951 0.00000000 716.21820068
625.56738281 0.00000000 368.69949341
709.93206787 0.00000000 679.49066162
706.09820557 0.00000000 698.98345947
1085.61950684 0.00000000 188.99459839
955.82348633 0.00000000 722.53076172
1049.58203125 0.00000000 724.41107178
1038.70678711 0.00000000 756.56872559
1080.11730957 0.00000000 565.41094971
664.02258301 0.00000000 565.84100342
683.33453369 0.00000000 578.48974609
861.22576904 0.00000000 712.50494385
624.30169678 0.00000000 327.68090820
886.09472656 0.00000000 712.50494385
624.04864502 0.00000000 320.21603394
623.91857910 0.00000000 316.48254395
623.78851318 0.00000000 312.74905396
686.76196289 0.00000000 746.54998779
693.14190674 0.00000000 589.45428467
1093.55505371 0.00000000 561.44195557
1118.72961426 0.00000000 543.23931885
1034.70886230 0.00000000 645.48345947
1040.85913086 0.00000000 699.18060303
1051.19311523 0.00000000 750.84375000
707.48101807 0.00000000 620.75457764
1105.78100586 0.00000000 559.79113770
622.38293457 0.00000000 275.38229370
622.23181152 0.00000000 271.64242554
622.08074951 0.00000000 267.90255737
621.92614746 0.00000000 264.16165161
621.77154541 0.00000000 260.42071533
621.61346436 0.00000000 256.67874146
1098.52758789 0.00000000 190.19253540
1036.10058594 0.00000000 674.37908936
1005.16967773 0.00000000 749.45220947
701.28088379 0.00000000 714.52331543
620.80194092 0.00000000 237.96247864
709.60955811 0.00000000 630.69201660
1115.73828125 0.00000000 191.78979492
620.29260254 0.00000000 226.72593689
1040.27453613 0.00000000 696.80322266
1059.80334473 0.00000000 186.59872437
1124.49755859 0.00000000 286.59689331
1119.13293457 0.00000000 498.78729248
1119.04821777 0.00000000 506.20129395
619.22827148 0.00000000 204.23905945
983.58386230 0.00000000 733.20648193
618.85949707 0.00000000 196.73919678
618.67333984 0.00000000 192.98872375
1118.65136719 0.00000000 558.03973389
1026.22058105 0.00000000 762.29370117
1012.13336182 0.00000000 761.42761230
635.88409424 0.00000000 191.39122009
1122.65234375 0.00000000 338.87341309
805.75775146 0.00000000 719.00323486
648.79217529 0.00000000 190.19309998
681.50122070 0.00000000 576.81726074
657.39752197 0.00000000 189.39434814
1124.78918457 0.00000000 279.12036133
711.23846436 0.00000000 666.73535156
1060.55773926 0.00000000 746.54998779
1121.64685059 0.00000000 372.42510986
678.91094971 0.00000000 187.39747620
683.21368408 0.00000000 186.99810791
687.51635742 0.00000000 186.59872437
735.92315674 0.00000000 759.29248047
1044.60791016 0.00000000 185.26907349
698.91284180 0.00000000 185.59440613
795.00091553 0.00000000 721.60260010
972.05895996 0.00000000 728.00787354
710.30938721 0.00000000 184.64666748
906.56933594 0.00000000 713.80456543
1043.47119141 0.00000000 708.27801514
1120.04101563 0.00000000 192.18910217
671.08190918 0.00000000 569.51007080
729.30352783 0.00000000 183.21800232
1102.55175781 0.00000000 560.02056885
1127.90881348 0.00000000 207.98751831
1034.60864258 0.00000000 653.39691162
744.49890137 0.00000000 182.19953918
748.29772949 0.00000000 181.95906067
666.42468262 0.00000000 567.01953125
1119.00939941 0.00000000 509.90719604
1061.87622070 0.00000000 743.56280518
763.49310303 0.00000000 181.08204651
1035.42248535 0.00000000 635.02062988
771.09082031 0.00000000 180.68598938
774.88964844 0.00000000 180.50209045
980.88653564 0.00000000 731.81402588
788.12866211 0.00000000 723.55206299
786.28613281 0.00000000 179.97871399
790.08502197 0.00000000 179.82312012
717.97821045 0.00000000 760.86248779
797.68267822 0.00000000 179.52606201
1120.87304688 0.00000000 402.21255493
1109.01037598 0.00000000 559.56170654
809.07922363 0.00000000 179.13000488
711.62280273 0.00000000 656.39099121
1081.31677246 0.00000000 188.59529114
1126.68640137 0.00000000 234.21644592
1025.61364746 0.00000000 183.76966858
1118.77941895 0.00000000 535.83599854
705.36828613 0.00000000 613.51446533
1119.42932129 0.00000000 476.53265381
839.46997070 0.00000000 178.39443970
1119.78881836 0.00000000 454.25888062
847.06762695 0.00000000 178.28128052
1123.93530273 0.00000000 301.54367065
1044.89929199 0.00000000 712.59118652
1127.72961426 0.00000000 211.73587036
1054.70605469 0.00000000 734.24121094
902.52343750 0.00000000 713.43322754
995.84466553 0.00000000 740.72595215
1127.55053711 0.00000000 215.48422241
877.45843506 0.00000000 178.11154175
753.76031494 0.00000000 739.14788818
734.45147705 0.00000000 763.56280518
711.19952393 0.00000000 643.44702148
1029.41247559 0.00000000 184.05256653
698.40649414 0.00000000 597.69067383
802.13128662 0.00000000 719.83874512
778.32031250 0.00000000 726.80120850
1042.29089355 0.00000000 605.36358643
709.17749023 0.00000000 628.17163086
915.44689941 0.00000000 178.53590393
1041.49047852 0.00000000 701.49176025
948.81573486 0.00000000 720.67413330
817.06304932 0.00000000 716.86810303
857.10247803 0.00000000 712.69061279
1054.32080078 0.00000000 584.39495850
1034.79846191 0.00000000 642.85076904
739.27917480 0.00000000 753.25842285
1094.22485352 0.00000000 189.79322815
1119.37646484 0.00000000 480.24279785
679.53051758 0.00000000 575.25836182
957.23425293 0.00000000 179.82312012
961.03314209 0.00000000 179.97871399
1036.05603027 0.00000000 629.86047363
1126.18750000 0.00000000 245.44984436
972.42968750 0.00000000 180.50209045
976.22851563 0.00000000 180.68598938
980.02740479 0.00000000 180.88401794
1044.94995117 0.00000000 753.70623779
987.62506104 0.00000000 181.29423523
865.36846924 0.00000000 712.41210938
1085.23083496 0.00000000 563.55963135
710.25054932 0.00000000 676.95837402
813.23010254 0.00000000 717.51794434
1006.61938477 0.00000000 182.44000244
1010.41821289 0.00000000 182.69462585
