627.66711426 0.00000000 279.59954834
889.13525391 0.00000000 727.68457031
697.24176025 0.00000000 578.46978760
884.44537354 0.00000000 180.94885254
647.91461182 0.00000000 462.12814331
892.27514648 0.00000000 180.95523071
896.19000244 0.00000000 180.95840454
802.24285889 0.00000000 181.38217163
814.93878174 0.00000000 744.49481201
712.69940186 0.00000000 692.27453613
900.64276123 0.00000000 730.35131836
1117.94567871 0.00000000 336.38992310
1033.35705566 0.00000000 704.77856445
923.59411621 0.00000000 180.98071289
867.98474121 0.00000000 726.22131348
711.28076172 0.00000000 637.02429199
650.92175293 0.00000000 500.76278687
634.01538086 0.00000000 274.78903198
623.22375488 0.00000000 313.85617065
1116.67578125 0.00000000 343.15023804
800.19024658 0.00000000 756.36029053
1110.58630371 0.00000000 272.42016602
790.50274658 0.00000000 766.75933838
640.15435791 0.00000000 403.99301147
635.07501221 0.00000000 376.95181274
1093.32690430 0.00000000 518.82556152
974.43811035 0.00000000 182.94964600
905.11376953 0.00000000 731.88879395
1032.58459473 0.00000000 673.49542236
1087.18676758 0.00000000 545.87432861
684.92687988 0.00000000 190.64703369
1104.82458496 0.00000000 406.24649048
918.22875977 0.00000000 737.26129150
1124.54235840 0.00000000 280.17517090
851.63848877 0.00000000 728.63055420
1049.97082520 0.00000000 574.88128662
1034.12084961 0.00000000 637.02429199
1016.30993652 0.00000000 185.98684692
932.42999268 0.00000000 745.81683350
675.94378662 0.00000000 554.62530518
743.62799072 0.00000000 735.52746582
877.41625977 0.00000000 726.22131348
879.77398682 0.00000000 726.39233398
1121.75512695 0.00000000 316.10897827
641.01043701 0.00000000 254.73516846
684.69073486 0.00000000 561.07330322
629.99578857 0.00000000 349.91067505
829.33349609 0.00000000 736.30181885
634.22845459 0.00000000 372.44491577
631.68878174 0.00000000 358.92428589
628.30273438 0.00000000 340.89706421
1067.79064941 0.00000000 191.77371216
967.23437500 0.00000000 758.54022217
729.09155273 0.00000000 185.98715210
1122.79785156 0.00000000 279.20578003
1082.42236328 0.00000000 194.02896118
641.43164063 0.00000000 256.87484741
1112.01977539 0.00000000 367.93801880
638.90435791 0.00000000 244.03671265
736.22668457 0.00000000 730.59613037
1100.71203613 0.00000000 196.84802246
622.37725830 0.00000000 309.34933472
1118.36889648 0.00000000 334.13644409
1111.68591309 0.00000000 198.53945923
1019.04400635 0.00000000 724.02020264
704.08374023 0.00000000 595.84307861
767.05340576 0.00000000 183.14559937
896.05627441 0.00000000 729.20483398
653.46075439 0.00000000 540.49908447
1113.23754883 0.00000000 209.80172729
1042.81286621 0.00000000 591.67858887
686.15277100 0.00000000 562.70629883
645.23370361 0.00000000 431.03427124
1100.16882324 0.00000000 431.03427124
731.29254150 0.00000000 727.30859375
1123.87158203 0.00000000 304.84179688
809.15600586 0.00000000 748.62432861
1040.57177734 0.00000000 597.92529297
1076.15527344 0.00000000 550.92633057
926.52673340 0.00000000 741.85229492
1108.60375977 0.00000000 233.33828735
712.82720947 0.00000000 676.62634277
627.03302002 0.00000000 334.13681030
1107.34008789 0.00000000 239.75735474
1098.08276367 0.00000000 455.21926880
844.75872803 0.00000000 730.35034180
643.96392822 0.00000000 424.27395630
647.31890869 0.00000000 455.21841431
649.70184326 0.00000000 482.85739136
643.11737061 0.00000000 419.76712036
1032.98828125 0.00000000 657.33428955
812.97076416 0.00000000 745.81658936
1082.72277832 0.00000000 547.78131104
909.58477783 0.00000000 733.42633057
626.08001709 0.00000000 280.80215454
711.46966553 0.00000000 640.40930176
643.11651611 0.00000000 265.43359375
1119.30883789 0.00000000 277.26702881
763.14349365 0.00000000 183.34152222
840.28723145 0.00000000 731.88830566
