909.58477783 0.00000000 733.42633057
809.15600586 0.00000000 748.62432861
695.43176270 0.00000000 574.88128662
731.29254150 0.00000000 727.30859375
1035.20227051 0.00000000 626.91094971
637.18951416 0.00000000 272.38378906
864.87103271 0.00000000 180.94564819
900.10485840 0.00000000 180.96160889
837.46685791 0.00000000 180.96795654
1071.72375488 0.00000000 553.32330322
753.49633789 0.00000000 742.10260010
915.76434326 0.00000000 180.97433472
844.75872803 0.00000000 730.35034180
923.59411621 0.00000000 180.98071289
1089.44885254 0.00000000 544.99279785
840.28723145 0.00000000 731.88830566
935.33874512 0.00000000 180.99029541
1031.37963867 0.00000000 715.80114746
943.15863037 0.00000000 181.38217163
938.09222412 0.00000000 750.11029053
950.97851563 0.00000000 181.77404785
707.50524902 0.00000000 607.02282715
958.79840088 0.00000000 182.16589355
649.70184326 0.00000000 482.85739136
966.61822510 0.00000000 182.55776978
970.52819824 0.00000000 182.75372314
954.89874268 0.00000000 766.75933838
1032.70410156 0.00000000 692.27355957
879.77398682 0.00000000 726.39233398
920.30322266 0.00000000 738.40905762
1073.98876953 0.00000000 552.02130127
993.98779297 0.00000000 183.92935181
632.53533936 0.00000000 363.43118286
853.12640381 0.00000000 180.95523071
806.15283203 0.00000000 181.18621826
636.34484863 0.00000000 383.71206665
1012.62750244 0.00000000 185.61453247
842.52301025 0.00000000 731.11932373
1019.99237061 0.00000000 186.35916138
714.02288818 0.00000000 715.80212402
632.16485596 0.00000000 209.80172729
867.98474121 0.00000000 726.22131348
699.05175781 0.00000000 582.05828857
1038.40466309 0.00000000 188.22073364
652.53674316 0.00000000 526.05004883
732.77398682 0.00000000 185.61477661
1032.59326172 0.00000000 670.36505127
768.29888916 0.00000000 751.96527100
653.46075439 0.00000000 540.49908447
1060.47473145 0.00000000 190.64608765
627.45623779 0.00000000 336.39022827
1067.79064941 0.00000000 191.77371216
649.40399170 0.00000000 479.40255737
1075.10644531 0.00000000 192.90133667
697.24176025 0.00000000 578.46978760
627.87945557 0.00000000 338.64364624
1087.18676758 0.00000000 545.87432861
628.30273438 0.00000000 340.89706421
1093.39624023 0.00000000 195.72039795
1097.05407715 0.00000000 196.28421021
773.23309326 0.00000000 755.25286865
802.24285889 0.00000000 181.38217163
709.83874512 0.00000000 623.53979492
1092.63427734 0.00000000 529.66229248
1115.34375000 0.00000000 199.10327148
751.02923584 0.00000000 740.45880127
1114.50134277 0.00000000 203.38265991
905.11376953 0.00000000 731.88879395
691.76202393 0.00000000 569.42431641
984.50427246 0.00000000 747.03356934
886.80072021 0.00000000 727.31079102
721.72668457 0.00000000 186.73190308
1111.97375488 0.00000000 216.22079468
640.57769775 0.00000000 406.24649048
1111.13134766 0.00000000 220.50015259
1110.71008301 0.00000000 222.63983154
803.61578369 0.00000000 753.08233643
1036.64428711 0.00000000 613.42645264
870.34271240 0.00000000 726.05029297
692.26715088 0.00000000 189.71090698
1108.60375977 0.00000000 233.33828735
638.03796387 0.00000000 392.72586060
1107.76135254 0.00000000 237.61764526
1039.68005371 0.00000000 600.95782471
898.34948730 0.00000000 729.77807617
811.00274658 0.00000000 747.13830566
1014.10974121 0.00000000 727.30780029
629.57250977 0.00000000 347.65725708
1105.23376465 0.00000000 250.45578003
629.99578857 0.00000000 349.91067505
792.06823730 0.00000000 764.97906494
841.38177490 0.00000000 180.96478271
1103.54882813 0.00000000 259.01452637
623.22375488 0.00000000 313.85617065
712.03625488 0.00000000 650.56433105
1033.52026367 0.00000000 707.90478516
1001.77410889 0.00000000 735.52685547
711.71911621 0.00000000 711.03204346
632.11199951 0.00000000 361.17770386
1107.09729004 0.00000000 270.48141479
996.83990479 0.00000000 738.81451416
1110.58630371 0.00000000 272.42016602
1112.33081055 0.00000000 273.38952637
646.12738037 0.00000000 441.39889526
639.32556152 0.00000000 246.17642212
1035.92333984 0.00000000 620.16870117
645.82952881 0.00000000 437.94406128
1121.05334473 0.00000000 278.23641968
635.49829102 0.00000000 379.20523071
624.49298096 0.00000000 282.00479126
1126.28686523 0.00000000 281.14453125
637.37451172 0.00000000 197.97576904
916.06774902 0.00000000 736.30255127
1128.51586914 0.00000000 284.94827271
941.78674316 0.00000000 753.08233643
621.10748291 0.00000000 302.58914185
640.16802979 0.00000000 250.45578003
818.87475586 0.00000000 741.85131836
637.61468506 0.00000000 390.47238159
1125.14135742 0.00000000 298.08148193
1124.71813965 0.00000000 300.33489990
684.92687988 0.00000000 190.64703369
1033.19384766 0.00000000 701.65234375
872.70074463 0.00000000 725.87933350
639.74676514 0.00000000 248.31610107
1122.60168457 0.00000000 311.60208130
1042.06579590 0.00000000 593.76080322
637.21948242 0.00000000 235.47796631
953.33325195 0.00000000 764.97906494
1120.90856934 0.00000000 320.61584473
814.93878174 0.00000000 744.49481201
1042.81286621 0.00000000 591.67858887
1032.98828125 0.00000000 657.33428955
620.26098633 0.00000000 298.08230591
882.13177490 0.00000000 726.56329346
712.84503174 0.00000000 682.88732910
831.49426270 0.00000000 735.34332275
825.09826660 0.00000000 738.40808105
1117.09912109 0.00000000 340.89675903
807.30926514 0.00000000 750.11029053
712.80950928 0.00000000 670.36529541
977.10284424 0.00000000 751.96502686
950.20227051 0.00000000 761.41857910
638.46124268 0.00000000 394.97927856
1114.55932617 0.00000000 354.41738892
708.39678955 0.00000000 610.05529785
1113.71276855 0.00000000 358.92428589
1113.28955078 0.00000000 361.17770386
1112.86633301 0.00000000 363.43118286
711.88250732 0.00000000 707.90582275
1112.01977539 0.00000000 367.93801880
1111.59655762 0.00000000 370.19149780
1111.17333984 0.00000000 372.44491577
1032.86730957 0.00000000 695.39984131
634.69219971 0.00000000 222.63983154
638.90435791 0.00000000 244.03671265
633.80511475 0.00000000 370.19149780
712.85388184 0.00000000 686.01782227
833.55200195 0.00000000 180.97116089
833.65496826 0.00000000 734.38482666
1107.78735352 0.00000000 390.47238159
1107.36401367 0.00000000 392.72586060
810.06274414 0.00000000 180.99029541
1106.51757813 0.00000000 397.23269653
1106.09436035 0.00000000 399.48617554
692.98529053 0.00000000 571.24328613
653.69171143 0.00000000 544.11132813
1049.06579590 0.00000000 576.67553711
1104.40136719 0.00000000 408.49990845
758.43054199 0.00000000 745.39013672
622.37725830 0.00000000 309.34933472
1103.13159180 0.00000000 415.26022339
712.41400146 0.00000000 657.33428955
767.05340576 0.00000000 183.14559937
1101.86181641 0.00000000 422.02053833
633.42852783 0.00000000 216.22079468
647.91461182 0.00000000 462.12814331
1100.59204102 0.00000000 428.78085327
934.39776611 0.00000000 747.13830566
632.95855713 0.00000000 365.68460083
1099.57275391 0.00000000 437.94430542
1033.74328613 0.00000000 643.79431152
725.40911865 0.00000000 186.35952759
774.87329102 0.00000000 182.75372314
1098.38085938 0.00000000 451.76431274
765.83184814 0.00000000 750.32147217
651.61322021 0.00000000 511.60067749
1093.09606934 0.00000000 522.43780518
658.21478271 0.00000000 545.87432861
1026.44543457 0.00000000 719.08874512
1016.57690430 0.00000000 725.66400146
623.64703369 0.00000000 316.10955811
835.81573486 0.00000000 733.42633057
633.84973145 0.00000000 218.36047363
948.63677979 0.00000000 759.63830566
924.45227051 0.00000000 740.70458984
763.14349365 0.00000000 183.34152222
1044.25756836 0.00000000 587.71179199
630.41900635 0.00000000 352.16409302
710.67938232 0.00000000 187.84902954
